100 120
408 1520 508 1620
24
32 90 30 1010 0
62 96 30 1525 90
32 1614 30 1010 0
1046 102 30 1512 90
60 186 30 318 0
482 186 30 248 0
846 186 30 196 0
610 190 30 88 90
62 268 30 154 0
302 268 30 742 0
60 382 30 164 0
354 382 30 330 0
784 382 30 260 0
476 388 30 196 90
62 582 30 413 0
60 1062 30 446 0
636 1062 30 404 0
60 718 30 400 0
606 718 30 436 0
178 1222 30 604 0
882 1222 30 158 0
514 1230 30 390 90
55 1386 30 350 0
182 1500 30 332 0
9
794 142 25
286 374 25
642 532 25
562 926 25
736 1024 25
374 1030 25
824 1178 25
440 1300 25
95 1550 25-